9647728811219
9647705859753
9647811142194
9647855445504
9647774968382
96181078213
9647731931783
9647874249593
9647805255222
9647808082199
9647874753569
9647737589157
9647859000897
971521419362
9647832985745
9647744044580
962780397397
9647716185533
9647733617417
9647722243842
9647835000026
9647516271720
9647721074917
9647830052399
9647722933369
9647725405342
9647718614449
9647803218157
9647724951831
966505332495
9647702022797
9647702753593
9647722274556
9647833330420
9647730164123
9647709893989
9647811815857
9647758899884
9647833133129
9647738952233
9647705109899
9647868353588
9647722336671
9647838520120
9647728006300
9647741239957
9647710854633
9645089812004
9647718521600
9647728069005
9647864959718
9647742454712
9647711289307
9647711111235
9647837006266
9647716689544
9647808615959
964776031009
9647709358976
9647758781480
9647716222323
9647764580051
9647700490808
9647817020725
9647739307773
9647838839641
9647700042265
9647718523247
9647710037969
9647722895300
9647726714610
9647723476700
964711003939
9647755577509
9647765259458
9647706705758
9647707347139
9647724909727
9647705749552
9647733451350
9647732489023
9647831827454
9647707851974
9647718304957
9647807832619
9647812673137
9647704457116
9647503539753
9647738174336
9647724417486
9647824841182
9647730861128
9647867330611
9647714907580
97470333030
9647717539563
9647874829205
9647704331246
9647736041421
9647704273237
9647901307340
9647708395871
9647776189586
9647840061000
905355533647
9627724312598
9647706276317
96478074842
9647755836062
9647857795777
9647724413506
9647707500413
9647718883032
9647801551522
9647733983597
9647723771843
9647886109651
9647708548902
9647803109653
9647703485075
9647725520044
9647823593953
9647747704050
9647716599713
9647830315600
9647721111006
9647810034444
9647737935203
9647813095030
9647712411250
9647725902007
9647506358307
9647709995503
9647507918588
9647700328300
966598395922
9647808092721
9647833322297
9647874899716
9647854101862
9647830744383
9647710037969
9647826649455
9647723736304
9647744441951
9647714599532
9647816442143
9647718999534
